t(s)	deltaD	t rescaled
0.003333333	0	-10.44966667
0.02	0	-10.433
0.036666667	-0.211111111	-10.41633333
0.053333333	-0.422222222	-10.39966667
0.07	-0.488888889	-10.383
0.086666667	-1.277777778	-10.36633333
0.103333333	-0.922222222	-10.34966667
0.12	-1.344444444	-10.333
0.136666667	-1.2	-10.31633333
0.153333333	-1.488888889	-10.29966667
0.17	-1.633333333	-10.283
0.186666667	-1.988888889	-10.26633333
0.203333333	-1.844444444	-10.24966667
0.22	-2.411111111	-10.233
0.236666667	-1.911111111	-10.21633333
0.253333333	-2.622222222	-10.19966667
0.27	-2.2	-10.183
0.286666667	-2.488888889	-10.16633333
0.303333333	-2.344444444	-10.14966667
0.32	-2.133333333	-10.133
0.336666667	-2.555555556	-10.11633333
0.353333333	-2.7	-10.09966667
0.37	-2.766666667	-10.083
0.386666667	-3.055555556	-10.06633333
0.403333333	-2.911111111	-10.04966667
0.42	-3.055555556	-10.033
0.436666667	-2.911111111	-10.01633333
0.453333333	-3.266666667	-9.999666667
0.47	-2.844444444	-9.983
0.486666667	-3.2	-9.966333333
0.503333333	-3.555555556	-9.949666667
0.52	-3.411111111	-9.933
0.536666667	-3.055555556	-9.916333333
0.553333333	-3.411111111	-9.899666667
0.57	-3.477777778	-9.883
0.586666667	-3.766666667	-9.866333333
0.603333333	-3.911111111	-9.849666667
0.62	-3.411111111	-9.833
0.636666667	-3.766666667	-9.816333333
0.653333333	-3.977777778	-9.799666667
0.67	-3.2	-9.783
0.686666667	-3.688888889	-9.766333333
0.703333333	-3.833333333	-9.749666667
0.72	-3.766666667	-9.733
0.736666667	-3.911111111	-9.716333333
0.753333333	-3.688888889	-9.699666667
0.77	-4.188888889	-9.683
0.786666667	-3.688888889	-9.666333333
0.803333333	-4.266666667	-9.649666667
0.82	-4.4	-9.633
0.836666667	-4.333333333	-9.616333333
0.853333333	-5.822222222	-9.599666667
0.87	-6.611111111	-9.583
0.886666667	-6.322222222	-9.566333333
0.903333333	-5.755555556	-9.549666667
0.92	-6.177777778	-9.533
0.936666667	-6.255555556	-9.516333333
0.953333333	-6.177777778	-9.499666667
0.97	-6.044444444	-9.483
0.986666667	-6.533333333	-9.466333333
1.003333333	-6.177777778	-9.449666667
1.02	-6.177777778	-9.433
1.036666667	-6.533333333	-9.416333333
1.053333333	-6.466666667	-9.399666667
1.07	-6.177777778	-9.383
1.086666667	-6.466666667	-9.366333333
1.103333333	-6.255555556	-9.349666667
1.12	-6.677777778	-9.333
1.136666667	-6.611111111	-9.316333333
1.153333333	-6.888888889	-9.299666667
1.17	-6.533333333	-9.283
1.186666667	-6.888888889	-9.266333333
1.203333333	-6.888888889	-9.249666667
1.22	-7.033333333	-9.233
1.236666667	-7.111111111	-9.216333333
1.253333333	-6.611111111	-9.199666667
1.27	-6.966666667	-9.183
1.286666667	-6.755555556	-9.166333333
1.303333333	-7.388888889	-9.149666667
1.32	-6.966666667	-9.133
1.336666667	-7.111111111	-9.116333333
1.353333333	-7.244444444	-9.099666667
1.37	-7.6	-9.083
1.386666667	-7.322222222	-9.066333333
1.403333333	-7.6	-9.049666667
1.42	-7.111111111	-9.033
1.436666667	-7.888888889	-9.016333333
1.453333333	-7.822222222	-8.999666667
1.47	-7.388888889	-8.983
1.486666667	-7.533333333	-8.966333333
1.503333333	-7.466666667	-8.949666667
1.52	-7.822222222	-8.933
1.536666667	-7.955555556	-8.916333333
1.553333333	-7.677777778	-8.899666667
1.57	-8.177777778	-8.883
1.586666667	-8.533333333	-8.866333333
1.603333333	-8.177777778	-8.849666667
1.62	-8.177777778	-8.833
1.636666667	-8.666666667	-8.816333333
1.653333333	-8.6	-8.799666667
1.67	-8.388888889	-8.783
1.686666667	-8.1	-8.766333333
1.703333333	-8.6	-8.749666667
1.72	-8.666666667	-8.733
1.736666667	-8.744444444	-8.716333333
1.753333333	-9.166666667	-8.699666667
1.77	-8.666666667	-8.683
1.786666667	-8.888888889	-8.666333333
1.803333333	-8.888888889	-8.649666667
1.82	-8.533333333	-8.633
1.836666667	-9.022222222	-8.616333333
1.853333333	-9.244444444	-8.599666667
1.87	-9.244444444	-8.583
1.886666667	-9.244444444	-8.566333333
1.903333333	-9.377777778	-8.549666667
1.92	-9.6	-8.533
1.936666667	-9.522222222	-8.516333333
1.953333333	-9.455555556	-8.499666667
1.97	-9.166666667	-8.483
1.986666667	-9.811111111	-8.466333333
2.003333333	-9.811111111	-8.449666667
2.02	-9.522222222	-8.433
2.036666667	-10.08888889	-8.416333333
2.053333333	-9.666666667	-8.399666667
2.07	-9.877777778	-8.383
2.086666667	-10.08888889	-8.366333333
2.103333333	-10.02222222	-8.349666667
2.12	-10.37777778	-8.333
2.136666667	-10.16666667	-8.316333333
2.153333333	-10.23333333	-8.299666667
2.17	-10.37777778	-8.283
2.186666667	-10.44444444	-8.266333333
2.203333333	-10.37777778	-8.249666667
2.22	-10.66666667	-8.233
2.236666667	-10.52222222	-8.216333333
2.253333333	-10.37777778	-8.199666667
2.27	-10.73333333	-8.183
2.286666667	-10.73333333	-8.166333333
2.303333333	-10.44444444	-8.149666667
2.32	-10.66666667	-8.133
2.336666667	-10.58888889	-8.116333333
2.353333333	-10.58888889	-8.099666667
2.37	-10.8	-8.083
2.386666667	-10.73333333	-8.066333333
2.403333333	-10.58888889	-8.049666667
2.42	-10.58888889	-8.033
2.436666667	-11.15555556	-8.016333333
2.453333333	-10.94444444	-7.999666667
2.47	-11.08888889	-7.983
2.486666667	-10.8	-7.966333333
2.503333333	-11.02222222	-7.949666667
2.52	-11.3	-7.933
2.536666667	-10.8	-7.916333333
2.553333333	-10.94444444	-7.899666667
2.57	-11.3	-7.883
2.586666667	-11.37777778	-7.866333333
2.603333333	-11.15555556	-7.849666667
2.62	-11.02222222	-7.833
2.636666667	-11.23333333	-7.816333333
2.653333333	-11.51111111	-7.799666667
2.67	-11.8	-7.783
2.686666667	-11.3	-7.766333333
2.703333333	-11.15555556	-7.749666667
2.72	-10.87777778	-7.733
2.736666667	-11.15555556	-7.716333333
2.753333333	-11.44444444	-7.699666667
2.77	-11.02222222	-7.683
2.786666667	-11.37777778	-7.666333333
2.803333333	-11.3	-7.649666667
2.82	-11.51111111	-7.633
2.836666667	-11.37777778	-7.616333333
2.853333333	-11.44444444	-7.599666667
2.87	-11.73333333	-7.583
2.886666667	-11.51111111	-7.566333333
2.903333333	-11.3	-7.549666667
2.92	-11.44444444	-7.533
2.936666667	-11.37777778	-7.516333333
2.953333333	-11.51111111	-7.499666667
2.97	-11.44444444	-7.483
2.986666667	-12.22222222	-7.466333333
3.003333333	-11.58888889	-7.449666667
3.02	-12.36666667	-7.433
3.036666667	-11.86666667	-7.416333333
3.053333333	-11.65555556	-7.399666667
3.07	-11.8	-7.383
3.086666667	-12.22222222	-7.366333333
3.103333333	-11.73333333	-7.349666667
3.12	-11.58888889	-7.333
3.136666667	-12.22222222	-7.316333333
3.153333333	-12.08888889	-7.299666667
3.17	-11.58888889	-7.283
3.186666667	-11.94444444	-7.266333333
3.203333333	-11.86666667	-7.249666667
3.22	-12.44444444	-7.233
3.236666667	-11.51111111	-7.216333333
3.253333333	-12.01111111	-7.199666667
3.27	-11.58888889	-7.183
3.286666667	-11.8	-7.166333333
3.303333333	-11.8	-7.149666667
3.32	-11.65555556	-7.133
3.336666667	-11.73333333	-7.116333333
3.353333333	-11.8	-7.099666667
3.37	-11.8	-7.083
3.386666667	-12.08888889	-7.066333333
3.403333333	-11.86666667	-7.049666667
3.42	-12.36666667	-7.033
3.436666667	-11.86666667	-7.016333333
3.453333333	-12.15555556	-6.999666667
3.47	-12.08888889	-6.983
3.486666667	-11.94444444	-6.966333333
3.503333333	-11.8	-6.949666667
3.52	-12.36666667	-6.933
3.536666667	-11.86666667	-6.916333333
3.553333333	-12.44444444	-6.899666667
3.57	-11.86666667	-6.883
3.586666667	-12.22222222	-6.866333333
3.603333333	-12.36666667	-6.849666667
3.62	-12.22222222	-6.833
3.636666667	-12.44444444	-6.816333333
3.653333333	-12.36666667	-6.799666667
3.67	-12.44444444	-6.783
3.686666667	-12.08888889	-6.766333333
3.703333333	-12.44444444	-6.749666667
3.72	-12.57777778	-6.733
3.736666667	-12.65555556	-6.716333333
3.753333333	-12.36666667	-6.699666667
3.77	-12.65555556	-6.683
3.786666667	-12.57777778	-6.666333333
3.803333333	-12.8	-6.649666667
3.82	-12.57777778	-6.633
3.836666667	-12.65555556	-6.616333333
3.853333333	-12.44444444	-6.599666667
3.87	-12.3	-6.583
3.886666667	-13.07777778	-6.566333333
3.903333333	-12.65555556	-6.549666667
3.92	-12.65555556	-6.533
3.936666667	-12.65555556	-6.516333333
3.953333333	-12.57777778	-6.499666667
3.97	-12.57777778	-6.483
3.986666667	-12.57777778	-6.466333333
4.003333333	-12.65555556	-6.449666667
4.02	-12.65555556	-6.433
4.036666667	-12.93333333	-6.416333333
4.053333333	-12.8	-6.399666667
4.07	-12.72222222	-6.383
4.086666667	-12.86666667	-6.366333333
4.103333333	-13.15555556	-6.349666667
4.12	-13.22222222	-6.333
4.136666667	-13.01111111	-6.316333333
4.153333333	-13.22222222	-6.299666667
4.17	-13.01111111	-6.283
4.186666667	-13.01111111	-6.266333333
4.203333333	-12.93333333	-6.249666667
4.22	-12.86666667	-6.233
4.236666667	-13.28888889	-6.216333333
4.253333333	-13.15555556	-6.199666667
4.27	-13.01111111	-6.183
4.286666667	-12.72222222	-6.166333333
4.303333333	-13.15555556	-6.149666667
4.32	-13.07777778	-6.133
4.336666667	-13.57777778	-6.116333333
4.353333333	-13.22222222	-6.099666667
4.37	-13.01111111	-6.083
4.386666667	-13.28888889	-6.066333333
4.403333333	-13.22222222	-6.049666667
4.42	-13.51111111	-6.033
4.436666667	-13.72222222	-6.016333333
4.453333333	-13.01111111	-5.999666667
4.47	-13.86666667	-5.983
4.486666667	-13.72222222	-5.966333333
4.503333333	-13.07777778	-5.949666667
4.52	-13.43333333	-5.933
4.536666667	-13.36666667	-5.916333333
4.553333333	-13.51111111	-5.899666667
4.57	-13.28888889	-5.883
4.586666667	-13.72222222	-5.866333333
4.603333333	-13.36666667	-5.849666667
4.62	-13.93333333	-5.833
4.636666667	-13.64444444	-5.816333333
4.653333333	-13.64444444	-5.799666667
4.67	-13.86666667	-5.783
4.686666667	-13.43333333	-5.766333333
4.703333333	-13.78888889	-5.749666667
4.72	-13.78888889	-5.733
4.736666667	-13.86666667	-5.716333333
4.753333333	-13.64444444	-5.699666667
4.77	-14.14444444	-5.683
4.786666667	-13.72222222	-5.666333333
4.803333333	-14.07777778	-5.649666667
4.82	-13.93333333	-5.633
4.836666667	-13.78888889	-5.616333333
4.853333333	-13.57777778	-5.599666667
4.87	-14.14444444	-5.583
4.886666667	-13.93333333	-5.566333333
4.903333333	-13.57777778	-5.549666667
4.92	-13.86666667	-5.533
4.936666667	-13.78888889	-5.516333333
4.953333333	-14.07777778	-5.499666667
4.97	-14	-5.483
4.986666667	-14.22222222	-5.466333333
5.003333333	-13.93333333	-5.449666667
5.02	-14.35555556	-5.433
5.036666667	-14.07777778	-5.416333333
5.053333333	-13.93333333	-5.399666667
5.07	-14	-5.383
5.086666667	-13.86666667	-5.366333333
5.103333333	-14.22222222	-5.349666667
5.12	-13.86666667	-5.333
5.136666667	-14.07777778	-5.316333333
5.153333333	-14.43333333	-5.299666667
5.17	-14.43333333	-5.283
5.186666667	-14.35555556	-5.266333333
5.203333333	-14.22222222	-5.249666667
5.22	-14.57777778	-5.233
5.236666667	-14.07777778	-5.216333333
5.253333333	-14.22222222	-5.199666667
5.27	-14.57777778	-5.183
5.286666667	-14.71111111	-5.166333333
5.303333333	-14.28888889	-5.149666667
5.32	-14.57777778	-5.133
5.336666667	-14.14444444	-5.116333333
5.353333333	-14.93333333	-5.099666667
5.37	-14.5	-5.083
5.386666667	-14.57777778	-5.066333333
5.403333333	-14.78888889	-5.049666667
5.42	-14.57777778	-5.033
5.436666667	-14.22222222	-5.016333333
5.453333333	-14.43333333	-4.999666667
5.47	-14.64444444	-4.983
5.486666667	-15	-4.966333333
5.503333333	-14.78888889	-4.949666667
5.52	-14.85555556	-4.933
5.536666667	-14.57777778	-4.916333333
5.553333333	-14.71111111	-4.899666667
5.57	-14.85555556	-4.883
5.586666667	-14.71111111	-4.866333333
5.603333333	-14.93333333	-4.849666667
5.62	-14.78888889	-4.833
5.636666667	-14.78888889	-4.816333333
5.653333333	-15.21111111	-4.799666667
5.67	-14.64444444	-4.783
5.686666667	-15.14444444	-4.766333333
5.703333333	-15	-4.749666667
5.72	-15	-4.733
5.736666667	-14.93333333	-4.716333333
5.753333333	-15.14444444	-4.699666667
5.77	-15.21111111	-4.683
5.786666667	-15.14444444	-4.666333333
5.803333333	-15.14444444	-4.649666667
5.82	-15.14444444	-4.633
5.836666667	-15.42222222	-4.616333333
5.853333333	-15.35555556	-4.599666667
5.87	-15.06666667	-4.583
5.886666667	-15.35555556	-4.566333333
5.903333333	-15.5	-4.549666667
5.92	-15.35555556	-4.533
5.936666667	-15.42222222	-4.516333333
5.953333333	-15.21111111	-4.499666667
5.97	-15.56666667	-4.483
5.986666667	-15.21111111	-4.466333333
6.003333333	-15.21111111	-4.449666667
6.02	-15.64444444	-4.433
6.036666667	-15.42222222	-4.416333333
6.053333333	-15.28888889	-4.399666667
6.07	-15.5	-4.383
6.086666667	-15.5	-4.366333333
6.103333333	-15.42222222	-4.349666667
6.12	-15.85555556	-4.333
6.136666667	-15.71111111	-4.316333333
6.153333333	-15.71111111	-4.299666667
6.17	-15.77777778	-4.283
6.186666667	-15.64444444	-4.266333333
6.203333333	-15.42222222	-4.249666667
6.22	-15.71111111	-4.233
6.236666667	-15.71111111	-4.216333333
6.253333333	-15.64444444	-4.199666667
6.27	-15.85555556	-4.183
6.286666667	-15.71111111	-4.166333333
6.303333333	-16	-4.149666667
6.32	-15.85555556	-4.133
6.336666667	-16.06666667	-4.116333333
6.353333333	-15.77777778	-4.099666667
6.37	-16	-4.083
6.386666667	-15.92222222	-4.066333333
6.403333333	-16.13333333	-4.049666667
6.42	-15.56666667	-4.033
6.436666667	-16.13333333	-4.016333333
6.453333333	-16	-3.999666667
6.47	-16.13333333	-3.983
6.486666667	-16.06666667	-3.966333333
6.503333333	-16.27777778	-3.949666667
6.52	-16.21111111	-3.933
6.536666667	-16.63333333	-3.916333333
6.553333333	-16.13333333	-3.899666667
6.57	-16.56666667	-3.883
6.586666667	-16.27777778	-3.866333333
6.603333333	-16	-3.849666667
6.62	-16.27777778	-3.833
6.636666667	-16.06666667	-3.816333333
6.653333333	-16.27777778	-3.799666667
6.67	-16.35555556	-3.783
6.686666667	-16.48888889	-3.766333333
6.703333333	-16.42222222	-3.749666667
6.72	-16.48888889	-3.733
6.736666667	-16.63333333	-3.716333333
6.753333333	-16.56666667	-3.699666667
6.77	-16.35555556	-3.683
6.786666667	-16.56666667	-3.666333333
6.803333333	-16.56666667	-3.649666667
6.82	-16.63333333	-3.633
6.836666667	-16.13333333	-3.616333333
6.853333333	-17.06666667	-3.599666667
6.87	-17.13333333	-3.583
6.886666667	-16.98888889	-3.566333333
6.903333333	-16.13333333	-3.549666667
6.92	-16.63333333	-3.533
6.936666667	-16.84444444	-3.516333333
6.953333333	-16.56666667	-3.499666667
6.97	-16.92222222	-3.483
6.986666667	-16.92222222	-3.466333333
7.003333333	-16.48888889	-3.449666667
7.02	-16.77777778	-3.433
7.036666667	-16.84444444	-3.416333333
7.053333333	-16.77777778	-3.399666667
7.07	-17.27777778	-3.383
7.086666667	-16.98888889	-3.366333333
7.103333333	-17.06666667	-3.349666667
7.12	-17.13333333	-3.333
7.136666667	-17.2	-3.316333333
7.153333333	-17.13333333	-3.299666667
7.17	-17.06666667	-3.283
7.186666667	-16.84444444	-3.266333333
7.203333333	-16.92222222	-3.249666667
7.22	-16.98888889	-3.233
7.236666667	-17.34444444	-3.216333333
7.253333333	-17.2	-3.199666667
7.27	-17.06666667	-3.183
7.286666667	-16.92222222	-3.166333333
7.303333333	-16.84444444	-3.149666667
7.32	-17.63333333	-3.133
7.336666667	-16.84444444	-3.116333333
7.353333333	-16.98888889	-3.099666667
7.37	-17.63333333	-3.083
7.386666667	-17.27777778	-3.066333333
7.403333333	-17.2	-3.049666667
7.42	-17.34444444	-3.033
7.436666667	-17.48888889	-3.016333333
7.453333333	-17.13333333	-2.999666667
7.47	-16.98888889	-2.983
7.486666667	-17.27777778	-2.966333333
7.503333333	-17.7	-2.949666667
7.52	-17.2	-2.933
7.536666667	-17.84444444	-2.916333333
7.553333333	-17.48888889	-2.899666667
7.57	-17.84444444	-2.883
7.586666667	-17.48888889	-2.866333333
7.603333333	-17.77777778	-2.849666667
7.62	-17.34444444	-2.833
7.636666667	-17.55555556	-2.816333333
7.653333333	-17.7	-2.799666667
7.67	-17.48888889	-2.783
7.686666667	-17.7	-2.766333333
7.703333333	-17.13333333	-2.749666667
7.72	-17.27777778	-2.733
7.736666667	-17.77777778	-2.716333333
7.753333333	-17.77777778	-2.699666667
7.77	-18.05555556	-2.683
7.786666667	-17.55555556	-2.666333333
7.803333333	-17.91111111	-2.649666667
7.82	-17.91111111	-2.633
7.836666667	-17.84444444	-2.616333333
7.853333333	-17.91111111	-2.599666667
7.87	-17.91111111	-2.583
7.886666667	-17.55555556	-2.566333333
7.903333333	-17.7	-2.549666667
7.92	-17.84444444	-2.533
7.936666667	-17.84444444	-2.516333333
7.953333333	-17.77777778	-2.499666667
7.97	-17.77777778	-2.483
7.986666667	-18.2	-2.466333333
8.003333333	-18.13333333	-2.449666667
8.02	-17.84444444	-2.433
8.036666667	-17.77777778	-2.416333333
8.053333333	-17.84444444	-2.399666667
8.07	-18.2	-2.383
8.086666667	-18.05555556	-2.366333333
8.103333333	-17.91111111	-2.349666667
8.12	-17.63333333	-2.333
8.136666667	-18.41111111	-2.316333333
8.153333333	-17.98888889	-2.299666667
8.17	-18.2	-2.283
8.186666667	-17.98888889	-2.266333333
8.203333333	-18.26666667	-2.249666667
8.22	-18.05555556	-2.233
8.236666667	-18.41111111	-2.216333333
8.253333333	-17.91111111	-2.199666667
8.27	-18.2	-2.183
8.286666667	-18.13333333	-2.166333333
8.303333333	-18.26666667	-2.149666667
8.32	-18.62222222	-2.133
8.336666667	-18.2	-2.116333333
8.353333333	-17.98888889	-2.099666667
8.37	-18.2	-2.083
8.386666667	-18.55555556	-2.066333333
8.403333333	-18.34444444	-2.049666667
8.42	-18.26666667	-2.033
8.436666667	-18.13333333	-2.016333333
8.453333333	-18.7	-1.999666667
8.47	-18.34444444	-1.983
8.486666667	-18.41111111	-1.966333333
8.503333333	-18.41111111	-1.949666667
8.52	-18.34444444	-1.933
8.536666667	-18.55555556	-1.916333333
8.553333333	-18.2	-1.899666667
8.57	-18.76666667	-1.883
8.586666667	-18.48888889	-1.866333333
8.603333333	-18.55555556	-1.849666667
8.62	-18.55555556	-1.833
8.636666667	-18.55555556	-1.816333333
8.653333333	-18.62222222	-1.799666667
8.67	-18.55555556	-1.783
8.686666667	-18.62222222	-1.766333333
8.703333333	-18.62222222	-1.749666667
8.72	-18.97777778	-1.733
8.736666667	-18.7	-1.716333333
8.753333333	-18.62222222	-1.699666667
8.77	-18.41111111	-1.683
8.786666667	-19.05555556	-1.666333333
8.803333333	-18.76666667	-1.649666667
8.82	-18.48888889	-1.633
8.836666667	-18.84444444	-1.616333333
8.853333333	-18.48888889	-1.599666667
8.87	-18.55555556	-1.583
8.886666667	-18.97777778	-1.566333333
8.903333333	-18.7	-1.549666667
8.92	-18.97777778	-1.533
8.936666667	-18.55555556	-1.516333333
8.953333333	-18.7	-1.499666667
8.97	-18.55555556	-1.483
8.986666667	-18.97777778	-1.466333333
9.003333333	-18.62222222	-1.449666667
9.02	-18.62222222	-1.433
9.036666667	-18.7	-1.416333333
9.053333333	-18.76666667	-1.399666667
9.07	-19.05555556	-1.383
9.086666667	-19.26666667	-1.366333333
9.103333333	-18.76666667	-1.349666667
9.12	-18.7	-1.333
9.136666667	-18.7	-1.316333333
9.153333333	-19.2	-1.299666667
9.17	-18.97777778	-1.283
9.186666667	-19.41111111	-1.266333333
9.203333333	-19.55555556	-1.249666667
9.22	-19.47777778	-1.233
9.236666667	-19.47777778	-1.216333333
9.253333333	-19.2	-1.199666667
9.27	-19.05555556	-1.183
9.286666667	-18.97777778	-1.166333333
9.303333333	-19.12222222	-1.149666667
9.32	-19.26666667	-1.133
9.336666667	-19.55555556	-1.116333333
9.353333333	-19.26666667	-1.099666667
9.37	-19.47777778	-1.083
9.386666667	-19.2	-1.066333333
9.403333333	-19.68888889	-1.049666667
9.42	-19.68888889	-1.033
9.436666667	-19.47777778	-1.016333333
9.453333333	-18.97777778	-0.999666667
9.47	-19.33333333	-0.983
9.486666667	-19.26666667	-0.966333333
9.503333333	-19.05555556	-0.949666667
9.52	-19.26666667	-0.933
9.536666667	-19.83333333	-0.916333333
9.553333333	-19.33333333	-0.899666667
9.57	-19.62222222	-0.883
9.586666667	-19.2	-0.866333333
9.603333333	-19.62222222	-0.849666667
9.62	-19.33333333	-0.833
9.636666667	-19.55555556	-0.816333333
9.653333333	-19.47777778	-0.799666667
9.67	-19.47777778	-0.783
9.686666667	-19.12222222	-0.766333333
9.703333333	-19.62222222	-0.749666667
9.72	-19.47777778	-0.733
9.736666667	-19.12222222	-0.716333333
9.753333333	-19.26666667	-0.699666667
9.77	-19.55555556	-0.683
9.786666667	-19.47777778	-0.666333333
9.803333333	-19.33333333	-0.649666667
9.82	-19.41111111	-0.633
9.836666667	-19.47777778	-0.616333333
9.853333333	-19.76666667	-0.599666667
9.87	-19.55555556	-0.583
9.886666667	-19.55555556	-0.566333333
9.903333333	-19.83333333	-0.549666667
9.92	-20.33333333	-0.533
9.936666667	-19.83333333	-0.516333333
9.953333333	-19.68888889	-0.499666667
9.97	-19.47777778	-0.483
9.986666667	-19.91111111	-0.466333333
10.00333333	-19.76666667	-0.449666667
10.02	-19.62222222	-0.433
10.03666667	-19.91111111	-0.416333333
10.05333333	-19.47777778	-0.399666667
10.07	-19.97777778	-0.383
10.08666667	-19.76666667	-0.366333333
10.10333333	-19.76666667	-0.349666667
10.12	-20.33333333	-0.333
10.13666667	-20.33333333	-0.316333333
10.15333333	-19.97777778	-0.299666667
10.17	-19.97777778	-0.283
10.18666667	-20.04444444	-0.266333333
10.20333333	-19.97777778	-0.249666667
10.22	-20.26666667	-0.233
10.23666667	-20.12222222	-0.216333333
10.25333333	-20.26666667	-0.199666667
10.27	-19.97777778	-0.183
10.28666667	-19.91111111	-0.166333333
10.30333333	-19.76666667	-0.149666667
10.32	-20.4	-0.133
10.33666667	-20.18888889	-0.116333333
10.35333333	-20.18888889	-0.099666667
10.37	-20.54444444	-0.083
10.38666667	-20.04444444	-0.066333333
10.40333333	-20.33333333	-0.049666667
10.42	-20.18888889	-0.033
10.43666667	-20.18888889	-0.016333333
10.45333333	-22.32222222	0.000333333
10.47	-29.78888889	0.017
10.48666667	-43.23333333	0.033666667
10.50333333	-55.95555556	0.050333333
10.52	-67.91111111	0.067
10.53666667	-80.48888889	0.083666667
10.55333333	-90.08888889	0.100333333
10.57	-96.77777778	0.117
10.58666667	-102.0444444	0.133666667
10.60333333	-106.5222222	0.150333333
10.62	-110.5	0.167
10.63666667	-114.1333333	0.183666667
10.65333333	-117.4666667	0.200333333
10.67	-120.6	0.217
10.68666667	-123.3777778	0.233666667
10.70333333	-126	0.250333333
10.72	-133.3466667	0.267
10.73666667	-139.4355556	0.283666667
10.75333333	-140.1288889	0.300333333
10.77	-140.8933333	0.317
10.78666667	-141.5244444	0.333666667
10.80333333	-142.1733333	0.350333333
10.82	-142.7511111	0.367
10.83666667	-143.3466667	0.383666667
10.85333333	-143.8355556	0.400333333
10.87	-144.3244444	0.417
10.88666667	-144.8577778	0.433666667
10.90333333	-145.4266667	0.450333333
10.92	-145.9333333	0.467
10.93666667	-146.4755556	0.483666667
10.95333333	-147.0622222	0.500333333
10.97	-147.6488889	0.517
10.98666667	-148.2088889	0.533666667
11.00333333	-148.7688889	0.550333333
11.02	-149.2844444	0.567
11.03666667	-149.8266667	0.583666667
11.05333333	-150.4133333	0.600333333
11.07	-151.0444444	0.617
11.08666667	-151.6666667	0.633666667
11.10333333	-152.3422222	0.650333333
11.12	-152.9733333	0.667
11.13666667	-153.5866667	0.683666667
11.15333333	-154.1733333	0.700333333
11.17	-154.7244444	0.717
11.18666667	-155.2933333	0.733666667
11.20333333	-155.8977778	0.750333333
11.22	-156.4222222	0.767
11.23666667	-156.9822222	0.783666667
11.25333333	-157.5422222	0.800333333
11.27	-158.1022222	0.817
11.28666667	-158.6266667	0.833666667
11.30333333	-159.5533333	0.850333333
11.32	-160.7777778	0.867
11.33666667	-161.1611111	0.883666667
11.35333333	-161.6066667	0.900333333
11.37	-162.0977778	0.917
11.38666667	-162.5577778	0.933666667
11.40333333	-162.96	0.950333333
11.42	-163.3544444	0.967
11.43666667	-163.7544444	0.983666667
11.45333333	-164.1244444	1.000333333
11.47	-164.4755556	1.017
11.48666667	-164.8211111	1.033666667
11.50333333	-165.1677778	1.050333333
11.52	-165.5533333	1.067
11.53666667	-165.9155556	1.083666667
11.55333333	-166.2577778	1.100333333
11.57	-166.6211111	1.117
11.58666667	-166.9988889	1.133666667
11.60333333	-167.3911111	1.150333333
11.62	-167.7633333	1.167
11.63666667	-167.4366667	1.183666667
11.65333333	-166.3433333	1.200333333
11.67	-166.6011111	1.217
11.68666667	-166.8411111	1.233666667
11.70333333	-167.1033333	1.250333333
11.72	-167.3344444	1.267
11.73666667	-167.5966667	1.283666667
11.75333333	-167.8633333	1.300333333
11.77	-168.1166667	1.317
11.78666667	-168.3866667	1.333666667
11.80333333	-168.6622222	1.350333333
11.82	-168.9111111	1.367
11.83666667	-169.1955556	1.383666667
11.85333333	-169.48	1.400333333
11.87	-169.7555556	1.417
11.88666667	-170.0755556	1.433666667
11.90333333	-170.3511111	1.450333333
11.92	-170.6711111	1.467
11.93666667	-170.9822222	1.483666667
11.95333333	-171.2755556	1.500333333
11.97	-171.5777778	1.517
11.98666667	-171.8711111	1.533666667
12.00333333	-172.1555556	1.550333333
12.02	-172.4222222	1.567
12.03666667	-172.7333333	1.583666667
12.05333333	-173.0533333	1.600333333
12.07	-173.3644444	1.617
12.08666667	-173.6311111	1.633666667
12.10333333	-173.9244444	1.650333333
12.12	-174.2088889	1.667
12.13666667	-174.4933333	1.683666667
12.15333333	-174.7866667	1.700333333
12.17	-175.0711111	1.717
12.18666667	-175.3911111	1.733666667
12.20333333	-175.6933333	1.750333333
12.22	-175.9333333	1.767
12.23666667	-176.2266667	1.783666667
12.25333333	-176.5288889	1.800333333
12.27	-176.7955556	1.817
12.28666667	-177.0711111	1.833666667
12.30333333	-177.3555556	1.850333333
12.32	-177.6577778	1.867
12.33666667	-177.9688889	1.883666667
12.35333333	-178.2444444	1.900333333
12.37	-178.5466667	1.917
12.38666667	-178.84	1.933666667
12.40333333	-179.1511111	1.950333333
12.42	-179.4355556	1.967
12.43666667	-179.72	1.983666667
12.45333333	-179.9955556	2.000333333
12.47	-180.2888889	2.017
12.48666667	-180.5733333	2.033666667
12.50333333	-180.8488889	2.050333333
12.52	-181.1333333	2.067
12.53666667	-181.4088889	2.083666667
12.55333333	-181.6577778	2.100333333
12.57	-181.9155556	2.117
12.58666667	-182.0933333	2.133666667
12.60333333	-182.36	2.150333333
12.62	-182.5022222	2.167
12.63666667	-182.68	2.183666667
12.65333333	-182.8666667	2.200333333
12.67	-183.08	2.217
12.68666667	-183.2755556	2.233666667
12.70333333	-183.4888889	2.250333333
12.72	-183.8177778	2.267
12.73666667	-184.0222222	2.283666667
12.75333333	-184.1822222	2.300333333
12.77	-184.4577778	2.317
12.78666667	-184.8222222	2.333666667
12.80333333	-185.0711111	2.350333333
12.82	-185.5511111	2.367
12.83666667	-185.7022222	2.383666667
12.85333333	-186.0311111	2.400333333
12.87	-186.5555556	2.417
12.88666667	-186.5822222	2.433666667
12.90333333	-187.2755556	2.450333333
12.92	-187.5955556	2.467
12.93666667	-187.9688889	2.483666667
12.95333333	-188.5555556	2.500333333
12.97	-189.1955556	2.517
12.98666667	-189.7822222	2.533666667
13.00333333	-189.72	2.550333333
13.02	-190.76	2.567
13.03666667	-191.2666667	2.583666667
13.05333333	-192.1111111	2.600333333
13.07	-193.1066667	2.617
13.08666667	-193.3022222	2.633666667
13.10333333	-194.0933333	2.650333333
13.12	-194.4666667	2.667
13.13666667	-194.8133333	2.683666667
13.15333333	-195.3288889	2.700333333
13.17	-195.3288889	2.717
13.18666667	-195.2666667	2.733666667
13.20333333	-195.9777778	2.750333333
13.22	-196.2177778	2.767
13.23666667	-195.7555556	2.783666667
13.25333333	-196.6088889	2.800333333
13.27	-196.6088889	2.817
13.28666667	-196.7422222	2.833666667
13.30333333	-196.8577778	2.850333333
13.32	-197.0888889	2.867
13.33666667	-197.32	2.883666667
13.35333333	-197.6488889	2.900333333
13.37	-197.5777778	2.917
13.38666667	-197.7555556	2.933666667
13.40333333	-197.9422222	2.950333333
13.42	-197.5244444	2.967
13.43666667	-198.2088889	2.983666667
13.45333333	-198.0044444	3.000333333
13.47	-198.1555556	3.017
13.48666667	-197.8622222	3.033666667
13.50333333	-198.5466667	3.050333333
13.52	-198.5555556	3.067
13.53666667	-198.2533333	3.083666667
13.55333333	-198.7244444	3.100333333
13.57	-198.5911111	3.117
13.58666667	-198.8488889	3.133666667
13.60333333	-199.2044444	3.150333333
13.62	-199.4177778	3.167
13.63666667	-199.3555556	3.183666667
13.65333333	-199.7733333	3.200333333
13.67	-199.2044444	3.217
13.68666667	-198.5822222	3.233666667
13.70333333	-198.76	3.250333333
13.72	-197.16	3.267
13.73666667	-199.7644444	3.283666667
13.75333333	-197.6222222	3.300333333
13.77	-196.9466667	3.317
13.78666667	-198.2977778	3.333666667
13.80333333	-197.7288889	3.350333333
13.82	-196.5911111	3.367
13.83666667	-196.1288889	3.383666667
13.85333333	-196.3422222	3.400333333
13.87	-196.9466667	3.417
13.88666667	-196.5555556	3.433666667
13.90333333	-196.6977778	3.450333333
13.92	-196.84	3.467
13.93666667	-196.9822222	3.483666667
13.95333333	-197.0533333	3.500333333
13.97	-197.16	3.517
13.98666667	-197.3022222	3.533666667
14.00333333	-197.4088889	3.550333333
14.02	-197.5155556	3.567
14.03666667	-197.5866667	3.583666667
14.05333333	-197.7288889	3.600333333
14.07	-197.8355556	3.617
14.08666667	-197.9777778	3.633666667
14.10333333	-198.0488889	3.650333333
14.12	-198.1555556	3.667
14.13666667	-198.2622222	3.683666667
14.15333333	-198.3688889	3.700333333
14.17	-198.4755556	3.717
14.18666667	-198.5822222	3.733666667
14.20333333	-198.6533333	3.750333333
14.22	-198.76	3.767
14.23666667	-198.8666667	3.783666667
14.25333333	-198.9733333	3.800333333
14.27	-199.0622222	3.817
14.28666667	-199.1688889	3.833666667
14.30333333	-199.2577778	3.850333333
14.32	-199.3466667	3.867
14.33666667	-199.4177778	3.883666667
14.35333333	-199.5422222	3.900333333
14.37	-199.6577778	3.917
14.38666667	-199.7022222	3.933666667
14.40333333	-199.8088889	3.950333333
14.42	-199.8711111	3.967
14.43666667	-199.9866667	3.983666667
14.45333333	-200.0333333	4.000333333
14.47	-200.1777778	4.017
14.48666667	-200.2444444	4.033666667
14.50333333	-200.3111111	4.050333333
14.52	-200.3888889	4.067
14.53666667	-200.5333333	4.083666667
14.55333333	-200.5333333	4.100333333
14.57	-200.6666667	4.117
14.58666667	-200.7444444	4.133666667
14.60333333	-200.8111111	4.150333333
14.62	-200.9555556	4.167
14.63666667	-201.0222222	4.183666667
14.65333333	-201.1	4.200333333
14.67	-201.2444444	4.217
14.68666667	-201.2444444	4.233666667
14.70333333	-201.3111111	4.250333333
14.72	-201.4555556	4.267
14.73666667	-201.5222222	4.283666667
14.75333333	-201.6	4.300333333
14.77	-201.6666667	4.317
14.78666667	-201.8111111	4.333666667
14.80333333	-201.8777778	4.350333333
14.82	-201.9555556	4.367
14.83666667	-202.0222222	4.383666667
14.85333333	-202.0888889	4.400333333
14.87	-202.1666667	4.417
14.88666667	-202.2333333	4.433666667
14.90333333	-202.3777778	4.450333333
14.92	-202.3777778	4.467
14.93666667	-202.4444444	4.483666667
14.95333333	-202.5222222	4.500333333
14.97	-202.6666667	4.517
14.98666667	-202.6666667	4.533666667
15.00333333	-202.7333333	4.550333333
15.02	-202.8	4.567
15.03666667	-202.8777778	4.583666667
15.05333333	-203.0222222	4.600333333
15.07	-203.0888889	4.617
15.08666667	-203.1555556	4.633666667
15.10333333	-203.2333333	4.650333333
15.12	-203.3	4.667
15.13666667	-203.3777778	4.683666667
15.15333333	-203.3777778	4.700333333
15.17	-203.4444444	4.717
15.18666667	-203.5888889	4.733666667
15.20333333	-203.5888889	4.750333333
15.22	-203.6555556	4.767
15.23666667	-203.6555556	4.783666667
15.25333333	-203.8	4.800333333
15.27	-203.8666667	4.817
15.28666667	-203.8666667	4.833666667
15.30333333	-204.0111111	4.850333333
15.32	-204.0111111	4.867
15.33666667	-204.0888889	4.883666667
15.35333333	-204.2222222	4.900333333
15.37	-204.2222222	4.917
15.38666667	-204.3	4.933666667
15.40333333	-204.3666667	4.950333333
15.42	-204.4444444	4.967
15.43666667	-204.5111111	4.983666667
15.45333333	-204.5777778	5.000333333
15.47	-204.6555556	5.017
15.48666667	-204.7222222	5.033666667
15.50333333	-204.7222222	5.050333333
15.52	-204.8	5.067
15.53666667	-204.8666667	5.083666667
15.55333333	-204.9333333	5.100333333
15.57	-204.9333333	5.117
15.58666667	-205.0777778	5.133666667
15.60333333	-205.1555556	5.150333333
15.62	-205.1555556	5.167
15.63666667	-205.2222222	5.183666667
15.65333333	-205.2888889	5.200333333
15.67	-205.3666667	5.217
15.68666667	-205.3666667	5.233666667
15.70333333	-205.4333333	5.250333333
15.72	-205.5777778	5.267
15.73666667	-205.6444444	5.283666667
15.75333333	-205.7222222	5.300333333
15.77	-205.7222222	5.317
15.78666667	-205.7222222	5.333666667
15.80333333	-205.7888889	5.350333333
15.82	-205.8666667	5.367
15.83666667	-205.9333333	5.383666667
15.85333333	-206	5.400333333
15.87	-206.0777778	5.417
15.88666667	-206.0777778	5.433666667
15.90333333	-206.1444444	5.450333333
15.92	-206.2222222	5.467
15.93666667	-206.2888889	5.483666667
15.95333333	-206.3555556	5.500333333
15.97	-206.3555556	5.517
15.98666667	-206.4333333	5.533666667
16.00333333	-206.5	5.550333333
16.02	-206.5777778	5.567
16.03666667	-206.5777778	5.583666667
16.05333333	-206.6444444	5.600333333
16.07	-206.6444444	5.617
16.08666667	-206.7111111	5.633666667
16.10333333	-206.8555556	5.650333333
16.12	-206.8555556	5.667
16.13666667	-206.9333333	5.683666667
16.15333333	-207	5.700333333
16.17	-207.0666667	5.717
16.18666667	-207.0666667	5.733666667
16.20333333	-207.1444444	5.750333333
16.22	-207.2111111	5.767
16.23666667	-207.2111111	5.783666667
16.25333333	-207.2888889	5.800333333
16.27	-207.2888889	5.817
16.28666667	-207.3555556	5.833666667
16.30333333	-207.4222222	5.850333333
16.32	-207.5	5.867
16.33666667	-207.5	5.883666667
16.35333333	-207.5666667	5.900333333
16.37	-207.6444444	5.917
16.38666667	-207.7111111	5.933666667
16.40333333	-207.7777778	5.950333333
16.42	-207.7777778	5.967
16.43666667	-207.8555556	5.983666667
16.45333333	-207.9222222	6.000333333
16.47	-208	6.017
16.48666667	-208	6.033666667
16.50333333	-208.0666667	6.050333333
16.52	-208.1333333	6.067
16.53666667	-208.2111111	6.083666667
16.55333333	-208.1333333	6.100333333
16.57	-208.2777778	6.117
16.58666667	-208.3555556	6.133666667
16.60333333	-208.3555556	6.150333333
16.62	-208.4222222	6.167
16.63666667	-208.4222222	6.183666667
16.65333333	-208.5666667	6.200333333
16.67	-208.5666667	6.217
16.68666667	-208.6333333	6.233666667
16.70333333	-208.6333333	6.250333333
16.72	-208.7111111	6.267
16.73666667	-208.7777778	6.283666667
16.75333333	-208.7777778	6.300333333
16.77	-208.8444444	6.317
16.78666667	-208.9222222	6.333666667
16.80333333	-208.9222222	6.350333333
16.82	-208.9888889	6.367
16.83666667	-209.0666667	6.383666667
16.85333333	-209.0666667	6.400333333
16.87	-209.1333333	6.417
16.88666667	-209.2	6.433666667
16.90333333	-209.2	6.450333333
16.92	-209.2777778	6.467
16.93666667	-209.2777778	6.483666667
16.95333333	-209.3444444	6.500333333
16.97	-209.3444444	6.517
16.98666667	-209.4222222	6.533666667
17.00333333	-209.4222222	6.550333333
17.02	-209.4888889	6.567
17.03666667	-209.5555556	6.583666667
17.05333333	-209.5555556	6.600333333
17.07	-209.6333333	6.617
17.08666667	-209.7777778	6.633666667
17.10333333	-209.7777778	6.650333333
17.12	-209.8444444	6.667
17.13666667	-209.9111111	6.683666667
17.15333333	-209.8444444	6.700333333
17.17	-209.9111111	6.717
17.18666667	-209.9111111	6.733666667
17.20333333	-209.9888889	6.750333333
17.22	-209.9888889	6.767
17.23666667	-210.0555556	6.783666667
17.25333333	-210.0555556	6.800333333
17.27	-210.1333333	6.817
17.28666667	-210.2	6.833666667
17.30333333	-210.2666667	6.850333333
17.32	-210.3444444	6.867
17.33666667	-210.3444444	6.883666667
17.35333333	-210.4111111	6.900333333
17.37	-210.4111111	6.917
17.38666667	-210.5555556	6.933666667
17.40333333	-210.5555556	6.950333333
17.42	-210.6222222	6.967
17.43666667	-210.5555556	6.983666667
17.45333333	-210.7	7.000333333
17.47	-210.7666667	7.017
17.48666667	-210.7666667	7.033666667
17.50333333	-210.7666667	7.050333333
17.52	-210.8444444	7.067
17.53666667	-210.9111111	7.083666667
17.55333333	-210.9111111	7.100333333
17.57	-210.9111111	7.117
17.58666667	-211.0555556	7.133666667
17.60333333	-211.0555556	7.150333333
17.62	-211.0555556	7.167
17.63666667	-211.1222222	7.183666667
17.65333333	-211.2666667	7.200333333
17.67	-211.2	7.217
17.68666667	-211.2	7.233666667
17.70333333	-211.3333333	7.250333333
17.72	-211.3333333	7.267
17.73666667	-211.4111111	7.283666667
17.75333333	-211.4777778	7.300333333
17.77	-211.4777778	7.317
17.78666667	-211.5555556	7.333666667
17.80333333	-211.5555556	7.350333333
17.82	-211.5555556	7.367
17.83666667	-211.6222222	7.383666667
17.85333333	-211.6888889	7.400333333
17.87	-211.7666667	7.417
17.88666667	-211.7666667	7.433666667
17.90333333	-211.8333333	7.450333333
17.92	-211.8333333	7.467
17.93666667	-211.9111111	7.483666667
17.95333333	-211.9111111	7.500333333
17.97	-211.9777778	7.517
17.98666667	-211.9777778	7.533666667
18.00333333	-212.0444444	7.550333333
18.02	-212.1222222	7.567
18.03666667	-212.1222222	7.583666667
18.05333333	-212.1888889	7.600333333
18.07	-212.1888889	7.617
18.08666667	-212.2666667	7.633666667
18.10333333	-212.2666667	7.650333333
18.12	-212.3333333	7.667
18.13666667	-212.3333333	7.683666667
18.15333333	-212.3333333	7.700333333
18.17	-212.4	7.717
18.18666667	-212.4777778	7.733666667
18.20333333	-212.5444444	7.750333333
18.22	-212.5444444	7.767
18.23666667	-212.6222222	7.783666667
18.25333333	-212.6888889	7.800333333
18.27	-212.6888889	7.817
18.28666667	-212.6888889	7.833666667
18.30333333	-212.7555556	7.850333333
18.32	-212.8333333	7.867
18.33666667	-212.7555556	7.883666667
18.35333333	-212.8333333	7.900333333
18.37	-212.8333333	7.917
18.38666667	-212.9777778	7.933666667
18.40333333	-212.9777778	7.950333333
18.42	-212.9777778	7.967
18.43666667	-213.0444444	7.983666667
18.45333333	-213.0444444	8.000333333
18.47	-213.0444444	8.017
18.48666667	-212.9777778	8.033666667
18.50333333	-213.1111111	8.050333333
18.52	-213.1111111	8.067
18.53666667	-213.1888889	8.083666667
18.55333333	-213.1888889	8.100333333
18.57	-213.2555556	8.117
18.58666667	-213.1888889	8.133666667
18.60333333	-213.1888889	8.150333333
18.62	-213.3333333	8.167
18.63666667	-213.3333333	8.183666667
18.65333333	-213.2555556	8.200333333
18.67	-213.2555556	8.217
18.68666667	-213.3333333	8.233666667
18.70333333	-213.2555556	8.250333333
18.72	-213.2555556	8.267
18.73666667	-213.3333333	8.283666667
18.75333333	-213.2555556	8.300333333
18.77	-213.3333333	8.317
18.78666667	-213.3333333	8.333666667
18.80333333	-213.2555556	8.350333333
18.82	-213.2555556	8.367
18.83666667	-213.3333333	8.383666667
18.85333333	-213.3333333	8.400333333
18.87	-213.4	8.417
18.88666667	-213.3333333	8.433666667
18.90333333	-213.3333333	8.450333333
18.92	-213.3333333	8.467
18.93666667	-213.3333333	8.483666667
18.95333333	-213.3333333	8.500333333
18.97	-213.2555556	8.517
18.98666667	-213.3333333	8.533666667
19.00333333	-213.3333333	8.550333333
19.02	-213.2555556	8.567
19.03666667	-213.2555556	8.583666667
19.05333333	-213.2555556	8.600333333
19.07	-213.3333333	8.617
19.08666667	-213.2555556	8.633666667
19.10333333	-213.2555556	8.650333333
19.12	-213.2555556	8.667
19.13666667	-213.2555556	8.683666667
19.15333333	-213.3333333	8.700333333
19.17	-213.1888889	8.717
19.18666667	-213.3333333	8.733666667
19.20333333	-213.1888889	8.750333333
19.22	-213.1888889	8.767
19.23666667	-213.2555556	8.783666667
19.25333333	-213.2555556	8.800333333
19.27	-213.1888889	8.817
19.28666667	-213.2555556	8.833666667
19.30333333	-213.2555556	8.850333333
19.32	-213.1888889	8.867
19.33666667	-213.1888889	8.883666667
19.35333333	-213.1888889	8.900333333
19.37	-213.1111111	8.917
19.38666667	-213.1111111	8.933666667
19.40333333	-213.1111111	8.950333333
19.42	-213.1111111	8.967
19.43666667	-213.1888889	8.983666667
19.45333333	-213.1111111	9.000333333
19.47	-213.1888889	9.017
19.48666667	-213.0444444	9.033666667
19.50333333	-213.1111111	9.050333333
19.52	-213.1111111	9.067
19.53666667	-213.1111111	9.083666667
19.55333333	-213.0444444	9.100333333
19.57	-213.0444444	9.117
19.58666667	-212.9777778	9.133666667
19.60333333	-212.9777778	9.150333333
19.62	-213.0444444	9.167
19.63666667	-212.9777778	9.183666667
19.65333333	-212.9	9.200333333
19.67	-212.9	9.217
19.68666667	-212.9777778	9.233666667
19.70333333	-212.9	9.250333333
19.72	-212.9	9.267
19.73666667	-212.8333333	9.283666667
19.75333333	-212.8333333	9.300333333
19.77	-212.7555556	9.317
19.78666667	-212.7555556	9.333666667
19.80333333	-212.6888889	9.350333333
19.82	-212.6888889	9.367
19.83666667	-212.6222222	9.383666667
19.85333333	-212.6222222	9.400333333
19.87	-212.6222222	9.417
19.88666667	-212.6222222	9.433666667
19.90333333	-212.5444444	9.450333333
19.92	-212.5444444	9.467
19.93666667	-212.5444444	9.483666667
19.95333333	-212.5444444	9.500333333
19.97	-212.4777778	9.517
19.98666667	-212.4777778	9.533666667
20.00333333	-212.4777778	9.550333333
20.02	-212.4777778	9.567
20.03666667	-212.3333333	9.583666667
20.05333333	-212.3333333	9.600333333
20.07	-212.2666667	9.617
20.08666667	-212.2666667	9.633666667
20.10333333	-212.2666667	9.650333333
20.12	-212.2666667	9.667
20.13666667	-212.2666667	9.683666667
20.15333333	-212.1888889	9.700333333
20.17	-212.1888889	9.717
20.18666667	-212.1888889	9.733666667
20.20333333	-212.1222222	9.750333333
20.22	-212.1222222	9.767
20.23666667	-212.0444444	9.783666667
20.25333333	-212.0444444	9.800333333
20.27	-211.9777778	9.817
20.28666667	-211.9777778	9.833666667
20.30333333	-211.9111111	9.850333333
20.32	-211.9777778	9.867
20.33666667	-211.9111111	9.883666667
20.35333333	-211.7666667	9.900333333
20.37	-211.8333333	9.917
20.38666667	-211.7666667	9.933666667
20.40333333	-211.7666667	9.950333333
20.42	-211.7666667	9.967
20.43666667	-211.7666667	9.983666667
20.45333333	-211.6888889	10.00033333
20.47	-211.5555556	10.017
20.48666667	-211.6222222	10.03366667
20.50333333	-211.5555556	10.05033333
20.52	-211.5555556	10.067
20.53666667	-211.5555556	10.08366667
20.55333333	-211.4777778	10.10033333
20.57	-211.3333333	10.117
20.58666667	-211.2666667	10.13366667
20.60333333	-211.3333333	10.15033333
20.62	-211.2666667	10.167
20.63666667	-211.1222222	10.18366667
20.65333333	-211.1222222	10.20033333
20.67	-211.0555556	10.217
20.68666667	-210.9777778	10.23366667
20.70333333	-210.9111111	10.25033333
20.72	-210.8444444	10.267
20.73666667	-210.8444444	10.28366667
20.75333333	-210.7666667	10.30033333
20.77	-210.6222222	10.317
20.78666667	-210.6222222	10.33366667
20.80333333	-210.5555556	10.35033333
20.82	-210.4888889	10.367
20.83666667	-210.4888889	10.38366667
20.85333333	-210.4111111	10.40033333
20.87	-210.2666667	10.417
20.88666667	-210.1333333	10.43366667
20.90333333	-210.1333333	10.45033333
20.92	-210.0555556	10.467
20.93666667	-209.9888889	10.48366667
20.95333333	-209.8444444	10.50033333
20.97	-209.8444444	10.517
20.98666667	-209.7	10.53366667
21.00333333	-209.7	10.55033333
21.02	-209.4888889	10.567
21.03666667	-209.4222222	10.58366667
21.05333333	-209.4222222	10.60033333
21.07	-209.3444444	10.617
21.08666667	-209.2	10.63366667
21.10333333	-209.1333333	10.65033333
21.12	-209.0666667	10.667
21.13666667	-208.9888889	10.68366667
21.15333333	-208.9222222	10.70033333
21.17	-208.7777778	10.717
21.18666667	-208.6333333	10.73366667
21.20333333	-208.5666667	10.75033333
21.22	-208.4222222	10.767
21.23666667	-208.2777778	10.78366667
21.25333333	-208.2111111	10.80033333
21.27	-208.1333333	10.817
21.28666667	-208.0666667	10.83366667
21.30333333	-207.9222222	10.85033333
21.32	-207.7777778	10.867
21.33666667	-207.7111111	10.88366667
21.35333333	-207.5666667	10.90033333
21.37	-207.5	10.917
21.38666667	-207.4222222	10.93366667
21.40333333	-207.2111111	10.95033333
21.42	-207.1444444	10.967
21.43666667	-207	10.98366667
21.45333333	-206.8555556	11.00033333
21.47	-206.7111111	11.017
21.48666667	-206.5777778	11.03366667
21.50333333	-206.4333333	11.05033333
21.52	-206.2222222	11.067
21.53666667	-206.1444444	11.08366667
21.55333333	-206	11.10033333
21.57	-205.8666667	11.117
21.58666667	-205.6444444	11.13366667
21.60333333	-205.5777778	11.15033333
21.62	-205.3666667	11.167
21.63666667	-205.2222222	11.18366667
21.65333333	-205.1555556	11.20033333
21.67	-204.9333333	11.217
21.68666667	-204.8666667	11.23366667
21.70333333	-204.6555556	11.25033333
21.72	-204.5111111	11.267
21.73666667	-204.3666667	11.28366667
21.75333333	-204.2222222	11.30033333
21.77	-204.0888889	11.317
21.78666667	-204.0111111	11.33366667
21.80333333	-203.8	11.35033333
21.82	-203.6555556	11.367
21.83666667	-203.5111111	11.38366667
21.85333333	-203.3777778	11.40033333
21.87	-203.2333333	11.417
21.88666667	-203.1555556	11.43366667
21.90333333	-203.0222222	11.45033333
21.92	-202.8	11.467
21.93666667	-202.6666667	11.48366667
21.95333333	-202.5222222	11.50033333
21.97	-202.3777778	11.517
21.98666667	-202.2333333	11.53366667
22.00333333	-202.0888889	11.55033333
22.02	-201.9555556	11.567
22.03666667	-201.8111111	11.58366667
22.05333333	-201.6666667	11.60033333
22.07	-201.5222222	11.617
22.08666667	-201.3777778	11.63366667
22.10333333	-201.2444444	11.65033333
22.12	-201.0222222	11.667
22.13666667	-200.8888889	11.68366667
22.15333333	-200.6666667	11.70033333
22.17	-200.5333333	11.717
22.18666667	-200.4555556	11.73366667
22.20333333	-200.2444444	11.75033333
22.22	-200.1	11.767
22.23666667	-200.0222222	11.78366667
22.25333333	-199.8711111	11.80033333
22.27	-199.6488889	11.817
22.28666667	-199.5244444	11.83366667
22.30333333	-199.3288889	11.85033333
22.32	-199.16	11.867
22.33666667	-199.0266667	11.88366667
22.35333333	-198.8311111	11.90033333
22.37	-198.6888889	11.917
22.38666667	-198.5466667	11.93366667
22.40333333	-198.3333333	11.95033333
22.42	-198.2622222	11.967
22.43666667	-198.0488889	11.98366667
22.45333333	-197.8355556	12.00033333
22.47	-197.6933333	12.017
22.48666667	-197.5511111	12.03366667
22.50333333	-197.3377778	12.05033333
22.52	-197.0888889	12.067
22.53666667	-197.3022222	12.08366667
22.55333333	-196.7333333	12.10033333
22.57	-196.52	12.117
22.58666667	-197.3377778	12.13366667
22.60333333	-197.3377778	12.15033333
22.62	-197.1244444	12.167
22.63666667	-198.1555556	12.18366667
22.65333333	-196.6266667	12.20033333
22.67	-197.3377778	12.217
22.68666667	-197.7644444	12.23366667
22.70333333	-197.1244444	12.25033333
22.72	-198.6177778	12.267
22.73666667	-199.2044444	12.28366667
22.75333333	-199.3555556	12.30033333
22.77	-199.4622222	12.317
22.78666667	-198.8755556	12.33366667
22.80333333	-199.0977778	12.35033333
22.82	-198.4044444	12.367
22.83666667	-198.6266667	12.38366667
22.85333333	-198.4844444	12.40033333
22.87	-198.4577778	12.417
22.88666667	-198.2888889	12.43366667
22.90333333	-197.8444444	12.45033333
22.92	-197.9333333	12.467
22.93666667	-197.8622222	12.48366667
22.95333333	-197.5422222	12.50033333
22.97	-196.9288889	12.517
22.98666667	-197.0533333	12.53366667
23.00333333	-197.2488889	12.55033333
23.02	-197.2666667	12.567
23.03666667	-196.9733333	12.58366667
23.05333333	-196.9911111	12.60033333
23.07	-196.4755556	12.617
23.08666667	-196.1377778	12.63366667
23.10333333	-196.2711111	12.65033333
23.12	-195.5955556	12.667
23.13666667	-195.8355556	12.68366667
23.15333333	-195.3822222	12.70033333
23.17	-195.5866667	12.717
23.18666667	-195	12.73366667
23.20333333	-194.7244444	12.75033333
23.22	-193.9688889	12.767
23.23666667	-193.6488889	12.78366667
23.25333333	-192.8044444	12.80033333
23.27	-192.6355556	12.817
23.28666667	-191.3911111	12.83366667
23.30333333	-190.8133333	12.85033333
23.32	-190.52	12.867
23.33666667	-189.7644444	12.88366667
23.35333333	-189.0266667	12.90033333
23.37	-188.28	12.917
23.38666667	-187.8888889	12.93366667
23.40333333	-187.6844444	12.95033333
23.42	-187.1955556	12.967
23.43666667	-186.92	12.98366667
23.45333333	-186.4222222	13.00033333
23.47	-186.0933333	13.017
23.48666667	-186.0044444	13.03366667
23.50333333	-185.48	13.05033333
23.52	-185.0977778	13.067
23.53666667	-184.84	13.08366667
23.55333333	-184.5822222	13.10033333
23.57	-184.2088889	13.117
23.58666667	-184.0577778	13.13366667
23.60333333	-183.7733333	13.15033333
23.62	-183.4533333	13.167
23.63666667	-183.2755556	13.18366667
23.65333333	-183.0888889	13.20033333
23.67	-182.9111111	13.217
23.68666667	-182.6977778	13.23366667
23.70333333	-182.5733333	13.25033333
23.72	-182.4044444	13.267
23.73666667	-182.2088889	13.28366667
23.75333333	-182.0044444	13.30033333
23.77	-181.7377778	13.317
23.78666667	-181.5155556	13.33366667
23.80333333	-181.3022222	13.35033333
23.82	-181.0533333	13.367
23.83666667	-180.8133333	13.38366667
23.85333333	-180.6088889	13.40033333
23.87	-180.3511111	13.417
23.88666667	-180.1111111	13.43366667
23.90333333	-179.8444444	13.45033333
23.92	-179.5688889	13.467
23.93666667	-179.3288889	13.48366667
23.95333333	-179.0711111	13.50033333
23.97	-178.8666667	13.517
23.98666667	-178.6088889	13.53366667
24.00333333	-178.3866667	13.55033333
24.02	-178.0933333	13.567
24.03666667	-177.8888889	13.58366667
24.05333333	-177.6222222	13.60033333
24.07	-177.3644444	13.617
24.08666667	-177.1333333	13.63366667
24.10333333	-176.8933333	13.65033333
24.12	-176.6444444	13.667
24.13666667	-176.4133333	13.68366667
24.15333333	-176.1555556	13.70033333
24.17	-175.9066667	13.717
24.18666667	-175.6488889	13.73366667
